FracNo	Set	IPlusHalfLength	IMinusHalfLength	Number of points	Dip	IPlusTipType	IMinusTipType	IPlusTerminatingFracture	IMinusTerminatingFracture	Nucleation time (ma)	
2	HMin	12.1613906008012	7.83860939919884	8	1.01722196789785	OutOfBounds	OutOfBounds	0	0	0	
Start Points
7.83860939919884	14.7608040936147	2000	
10	14.7608040936147	2000	
20	14.7608040936147	2000	
20	18.4690080261141	2006	
10	18.4690080261141	2006	
7.83860939919884	18.4690080261141	2006	
0	18.4690080261141	2006	
0	14.7608040936147	2000	
End Points
3	HMin	14.0715842107644	5.92841578923558	8	1.01722196789785	OutOfBounds	OutOfBounds	0	0	0.143740967962888	
Start Points
5.92841578923558	11.2599825317281	2000	
10	11.2599825317281	2000	
20	11.2599825317281	2000	
20	7.55177859922873	2006	
10	7.55177859922873	2006	
5.92841578923558	7.55177859922873	2006	
0	7.55177859922873	2006	
-2.47868047726778E-16	11.2599825317281	2000	
End Points
4	HMin	15.6806806641075	4.31931933589248	8	1.01722196789785	OutOfBounds	OutOfBounds	0	0	0.14396315265682	
Start Points
4.31931933589248	3.51781244664898	2000	
10	3.51781244664898	2000	
20	3.51781244664898	2000	
20	-0.190391485850389	2006	
10	-0.190391485850389	2006	
4.31931933589248	-0.19039148585039	2006	
1.251849835895E-16	-0.19039148585039	2006	
0	3.51781244664898	2000	
End Points
5	HMax	5.45273804825392	2.28943203682519	6	1.01722196789785	Intersection	Intersection	3	4	0.573651711355503	
Start Points
14.1536658405149	5.80724448347417	2000	
14.1536658405149	11.2599825317281	2000	
17.8618697730143	7.55177859922873	2006	
17.8618697730143	2.0990405509748	2006	
17.8618697730143	-0.190391485850389	2006	
14.1536658405149	3.51781244664898	2000	
End Points
7	HMax	5.07294135404422	2.13608414034177	8	1.01722196789785	Intersection	Intersection	2	3	0.574572452343199	
Start Points
17.4807191105042	12.1361868653009	2000	
17.4807191105042	14.7608040936147	2000	
21.1889230430036	18.4690080261141	2006	
21.1889230430036	10.9477425463395	2006	
21.1889230430036	8.66158839956024	2006	
21.1889230430036	7.55177859922873	2006	
17.4807191105042	11.2599825317281	2000	
17.4807191105042	11.3384116004398	2000	
End Points
6	HMax	0.498281535924541	2.88681240421106	6	1.01722196789785	OutOfBounds	Intersection	0	2	0.573896798610748	
Start Points
6.96488874003134	19.2287970055157	2000	
6.96488874003134	20	2000	
3.25668480753197	20	2006	
3.25668480753197	19.7746399226352	2006	
3.25668480753197	18.4690080261141	2006	
6.96488874003134	14.7608040936147	2000	
End Points
